xof 0303txt 0032
template ColorRGBA {
 <35ff44e0-6c7c-11cf-8f52-0040333594a3>
 FLOAT red;
 FLOAT green;
 FLOAT blue;
 FLOAT alpha;
}

template ColorRGB {
 <d3e16e81-7835-11cf-8f52-0040333594a3>
 FLOAT red;
 FLOAT green;
 FLOAT blue;
}

template Material {
 <3d82ab4d-62da-11cf-ab39-0020af71e433>
 ColorRGBA faceColor;
 FLOAT power;
 ColorRGB specularColor;
 ColorRGB emissiveColor;
 [...]
}

template TextureFilename {
 <a42790e1-7810-11cf-8f52-0040333594a3>
 STRING filename;
}

template Frame {
 <3d82ab46-62da-11cf-ab39-0020af71e433>
 [...]
}

template Matrix4x4 {
 <f6f23f45-7686-11cf-8f52-0040333594a3>
 array FLOAT matrix[16];
}

template FrameTransformMatrix {
 <f6f23f41-7686-11cf-8f52-0040333594a3>
 Matrix4x4 frameMatrix;
}

template Vector {
 <3d82ab5e-62da-11cf-ab39-0020af71e433>
 FLOAT x;
 FLOAT y;
 FLOAT z;
}

template MeshFace {
 <3d82ab5f-62da-11cf-ab39-0020af71e433>
 DWORD nFaceVertexIndices;
 array DWORD faceVertexIndices[nFaceVertexIndices];
}

template Mesh {
 <3d82ab44-62da-11cf-ab39-0020af71e433>
 DWORD nVertices;
 array Vector vertices[nVertices];
 DWORD nFaces;
 array MeshFace faces[nFaces];
 [...]
}

template MeshNormals {
 <f6f23f43-7686-11cf-8f52-0040333594a3>
 DWORD nNormals;
 array Vector normals[nNormals];
 DWORD nFaceNormals;
 array MeshFace faceNormals[nFaceNormals];
}

template MeshMaterialList {
 <f6f23f42-7686-11cf-8f52-0040333594a3>
 DWORD nMaterials;
 DWORD nFaceIndexes;
 array DWORD faceIndexes[nFaceIndexes];
 [Material <3d82ab4d-62da-11cf-ab39-0020af71e433>]
}

template Coords2d {
 <f6f23f44-7686-11cf-8f52-0040333594a3>
 FLOAT u;
 FLOAT v;
}

template MeshTextureCoords {
 <f6f23f40-7686-11cf-8f52-0040333594a3>
 DWORD nTextureCoords;
 array Coords2d textureCoords[nTextureCoords];
}

template XSkinMeshHeader {
 <3cf169ce-ff7c-44ab-93c0-f78f62d172e2>
 WORD nMaxSkinWeightsPerVertex;
 WORD nMaxSkinWeightsPerFace;
 WORD nBones;
}

template SkinWeights {
 <6f0d123b-bad2-4167-a0d0-80224f25fabb>
 STRING transformNodeName;
 DWORD nWeights;
 array DWORD vertexIndices[nWeights];
 array FLOAT weights[nWeights];
 Matrix4x4 matrixOffset;
}

template AnimTicksPerSecond {
 <9e415a43-7ba6-4a73-8743-b73d47e88476>
 DWORD AnimTicksPerSecond;
}

template Animation {
 <3d82ab4f-62da-11cf-ab39-0020af71e433>
 [...]
}

template AnimationSet {
 <3d82ab50-62da-11cf-ab39-0020af71e433>
 [Animation <3d82ab4f-62da-11cf-ab39-0020af71e433>]
}

template FloatKeys {
 <10dd46a9-775b-11cf-8f52-0040333594a3>
 DWORD nValues;
 array FLOAT values[nValues];
}

template TimedFloatKeys {
 <f406b180-7b3b-11cf-8f52-0040333594a3>
 DWORD time;
 FloatKeys tfkeys;
}

template AnimationKey {
 <10dd46a8-775b-11cf-8f52-0040333594a3>
 DWORD keyType;
 DWORD nKeys;
 array TimedFloatKeys keys[nKeys];
}


Material col1 {
 0.588000;0.588000;0.588000;1.000000;;
 10.000000;
 0.000000;0.000000;0.000000;;
 0.000000;0.000000;0.000000;;

 TextureFilename {
  "col1";
 }
}

Material Op {
 0.588000;0.588000;0.588000;1.000000;;
 10.000000;
 0.000000;0.000000;0.000000;;
 0.000000;0.000000;0.000000;;

 TextureFilename {
  "Op";
 }
}

Frame Root {
 

 FrameTransformMatrix {
  1.000000,0.000000,0.000000,0.000000,0.000000,1.000000,0.000000,0.000000,0.000000,0.000000,1.000000,0.000000,-0.000000,-0.000000,0.000000,1.000000;;
 }

 Frame Bip01 {
  

  FrameTransformMatrix {
   0.271057,0.152590,0.950392,0.000000,0.080473,0.980306,-0.180344,0.000000,-0.959194,0.125364,0.253439,0.000000,-1.607169,27.533805,-7.714579,1.000000;;
  }

  Frame Bip01Pelvis {
   

   FrameTransformMatrix {
    0.105425,0.994024,-0.028331,0.000000,0.061089,0.021962,0.997891,0.000000,0.992549,-0.106934,-0.058409,0.000000,0.000000,0.000000,0.000000,1.000000;;
   }

   Frame Bip01Spine {
    

    FrameTransformMatrix {
     0.976966,-0.186437,0.103820,0.000000,0.178138,0.980393,0.084242,0.000000,-0.117490,-0.063807,0.991022,0.000000,3.800528,0.142966,0.591105,1.000000;;
    }

    Frame Bip01Spine1 {
     

     FrameTransformMatrix {
      0.956387,-0.191080,0.220934,0.000000,0.265524,0.883930,-0.384922,0.000000,-0.121740,0.426798,0.896116,0.000000,4.967661,-0.002048,-0.004299,1.000000;;
     }

     Frame Bip01Spine2 {
      

      FrameTransformMatrix {
       0.916729,-0.087480,0.389815,0.000000,0.234509,0.907776,-0.347777,0.000000,-0.323441,0.410233,0.852699,0.000000,6.027285,-0.002254,-0.004683,1.000000;;
      }

      Frame Bip01Neck {
       

       FrameTransformMatrix {
        0.995116,0.000000,0.098714,0.000000,-0.000000,1.000000,-0.000000,0.000000,-0.098714,0.000000,0.995116,0.000000,6.880774,-0.000008,-1.669151,1.000000;;
       }

       Frame Bip01Neck1 {
        

        FrameTransformMatrix {
         0.987158,0.047933,0.152384,0.000000,-0.041189,0.998040,-0.047113,0.000000,-0.154344,0.040231,0.987198,0.000000,4.737224,-0.000090,-0.002131,1.000000;;
        }

        Frame Bip01Head {
         

         FrameTransformMatrix {
          0.965028,-0.255830,-0.057211,0.000000,-0.013229,-0.265486,0.964024,0.000000,-0.261815,-0.929553,-0.259586,0.000000,2.713959,0.000004,-0.000002,1.000000;;
         }
        }
       }

       Frame Bip01LClavicle {
        

        FrameTransformMatrix {
         0.154342,0.967510,-0.200258,0.000000,0.983169,-0.170451,-0.065762,0.000000,-0.097760,-0.186738,-0.977534,0.000000,0.985497,2.339323,-0.188235,1.000000;;
        }

        Frame Bip01LUpperArm {
         

         FrameTransformMatrix {
          0.594803,-0.756692,-0.271344,0.000000,0.784418,0.620153,-0.009915,0.000000,0.175777,-0.206950,0.962431,0.000000,4.974899,0.000000,-0.000002,1.000000;;
         }

         Frame Bip01LForeArm {
          

          FrameTransformMatrix {
           -0.394303,-0.000000,-0.918981,0.000000,0.000000,1.000000,0.000000,0.000000,0.918981,-0.000000,-0.394303,0.000000,13.430850,0.000004,0.000000,1.000000;;
          }

          Frame Bip01LHand {
           

           FrameTransformMatrix {
            0.882572,0.469420,-0.026689,0.000000,-0.128559,0.295528,0.946645,0.000000,0.452261,-0.832050,0.321173,0.000000,10.217591,-0.000004,-0.000001,1.000000;;
           }

           Frame Bip01LFinger0 {
            

            FrameTransformMatrix {
             0.545158,-0.753791,0.366882,0.000000,0.359657,-0.185017,-0.914558,0.000000,0.757265,0.630530,0.170242,0.000000,1.869604,-1.476044,1.714214,1.000000;;
            }

            Frame Bip01LFinger01 {
             

             FrameTransformMatrix {
              0.987483,0.000000,-0.157726,0.000000,0.000000,1.000000,-0.000000,0.000000,0.157726,-0.000000,0.987483,0.000000,1.351116,-0.000004,0.000004,1.000000;;
             }

             Frame Bip01LFinger02 {
              

              FrameTransformMatrix {
               0.976286,0.000000,-0.216486,0.000000,0.000000,1.000000,0.000000,0.000000,0.216486,-0.000000,0.976286,0.000000,1.681694,0.000011,0.000004,1.000000;;
              }
             }
            }
           }

           Frame Bip01LFinger1 {
            

            FrameTransformMatrix {
             0.936804,-0.235724,-0.258520,0.000000,0.178158,0.957375,-0.227361,0.000000,0.301095,0.166935,0.938869,0.000000,5.244005,-1.547228,0.417294,1.000000;;
            }

            Frame Bip01LFinger11 {
             

             FrameTransformMatrix {
              1.000000,0.000000,0.001107,0.000000,0.000000,1.000000,0.000000,0.000000,-0.001107,-0.000000,1.000000,0.000000,1.729994,-0.000008,0.000000,1.000000;;
             }

             Frame Bip01LFinger12 {
              

              FrameTransformMatrix {
               0.999538,0.000000,0.030394,0.000000,0.000000,1.000000,0.000000,0.000000,-0.030394,-0.000000,0.999538,0.000000,1.282581,-0.000004,-0.000006,1.000000;;
              }
             }
            }
           }

           Frame Bip01LFinger2 {
            

            FrameTransformMatrix {
             0.988615,-0.031964,-0.147033,0.000000,0.023474,0.997975,-0.059117,0.000000,0.148625,0.054993,0.987363,0.000000,5.378000,-0.415188,0.212452,1.000000;;
            }

            Frame Bip01LFinger21 {
             

             FrameTransformMatrix {
              0.999569,0.000000,0.029343,0.000000,0.000000,1.000000,0.000000,0.000000,-0.029343,0.000000,0.999569,0.000000,2.042850,-0.000004,0.000004,1.000000;;
             }

             Frame Bip01LFinger22 {
              

              FrameTransformMatrix {
               0.999663,-0.000000,-0.025965,0.000000,0.000000,1.000000,0.000000,0.000000,0.025965,0.000000,0.999663,0.000000,1.426670,0.000002,0.000000,1.000000;;
              }
             }
            }
           }

           Frame Bip01LFinger3 {
            

            FrameTransformMatrix {
             0.982239,0.124134,0.140701,0.000000,-0.106170,0.985983,-0.128710,0.000000,-0.154706,0.111485,0.981650,0.000000,5.267178,0.570869,0.113697,1.000000;;
            }

            Frame Bip01LFinger31 {
             

             FrameTransformMatrix {
              0.832367,0.000000,0.554224,0.000000,0.000000,1.000000,0.000000,0.000000,-0.554224,-0.000000,0.832367,0.000000,1.750227,-0.000002,-0.000008,1.000000;;
             }

             Frame Bip01LFinger32 {
              

              FrameTransformMatrix {
               0.679088,0.000000,0.734057,0.000000,-0.000000,1.000000,0.000000,0.000000,-0.734057,0.000000,0.679088,0.000000,1.337984,0.000000,-0.000004,1.000000;;
              }
             }
            }
           }

           Frame Bip01LFinger4 {
            

            FrameTransformMatrix {
             0.873727,0.212974,0.437314,0.000000,-0.266774,0.961585,0.064702,0.000000,-0.406735,-0.173196,0.896978,0.000000,5.054598,1.434090,0.469173,1.000000;;
            }

            Frame Bip01LFinger41 {
             

             FrameTransformMatrix {
              0.402774,0.000000,0.915299,0.000000,0.000000,1.000000,0.000000,0.000000,-0.915299,0.000000,0.402774,0.000000,1.149426,0.000000,-0.000004,1.000000;;
             }

             Frame Bip01LFinger42 {
              

              FrameTransformMatrix {
               0.783291,0.000000,0.621655,0.000000,0.000000,1.000000,-0.000000,0.000000,-0.621655,0.000000,0.783291,0.000000,0.794193,-0.000002,0.000000,1.000000;;
              }
             }
            }
           }

           Frame WeaponL {
            

            FrameTransformMatrix {
             0.756511,0.653627,-0.021523,0.000000,-0.651848,0.756291,0.055844,0.000000,0.052779,-0.028217,0.998207,0.000000,5.805674,-2.784531,1.187294,1.000000;;
            }
           }
          }

          Frame BoneArmTwistL01 {
           

           FrameTransformMatrix {
            1.000000,0.000000,-0.000000,0.000000,-0.000000,0.989165,-0.146807,0.000000,0.000000,0.146807,0.989165,0.000000,0.000000,0.000000,0.000000,1.000000;;
           }

           Frame Bone_LForearm_Root {
            

            FrameTransformMatrix {
             0.121700,0.978437,-0.166885,0.000000,0.217777,-0.190360,-0.957255,0.000000,-0.968381,0.080154,-0.236248,0.000000,9.803712,0.611279,-0.132940,1.000000;;
            }
           }
          }

          Frame AdB01LForearmMuscleBone {
           

           FrameTransformMatrix {
            0.782225,0.000000,-0.622996,0.000000,0.000000,1.000000,0.000000,0.000000,0.622996,0.000000,0.782225,0.000000,2.910728,-0.000008,-2.318216,1.000000;;
           }
          }
         }

         Frame BoneShoulderTwistL01 {
          

          FrameTransformMatrix {
           1.000000,-0.000000,0.000000,0.000000,0.000000,0.993613,-0.112844,0.000000,0.000000,0.112844,0.993613,0.000000,-0.000001,-0.000008,-0.000001,1.000000;;
          }
         }

         Frame Bone_LUpperArm_Scale {
          

          FrameTransformMatrix {
           1.000000,-0.000001,0.000000,0.000000,0.000001,1.000000,-0.000000,0.000000,-0.000000,0.000000,1.000000,0.000000,0.000011,-0.000004,0.000000,1.000000;;
          }
         }
        }
       }

       Frame Bip01RClavicle {
        

        FrameTransformMatrix {
         0.542081,-0.837512,0.068717,0.000000,-0.834538,-0.526963,0.160801,0.000000,-0.098461,-0.144514,-0.984592,0.000000,0.985497,-2.339329,-0.188222,1.000000;;
        }

        Frame Bip01RUpperArm {
         

         FrameTransformMatrix {
          -0.186170,0.434747,-0.881099,0.000000,-0.414681,0.778221,0.471606,0.000000,0.890719,0.453174,0.035399,0.000000,4.974907,-0.000004,0.000001,1.000000;;
         }

         Frame Bip01RForeArm {
          

          FrameTransformMatrix {
           0.928161,-0.000000,-0.372178,0.000000,0.000000,1.000000,0.000000,0.000000,0.372178,0.000000,0.928161,0.000000,13.430853,0.000000,0.000002,1.000000;;
          }

          Frame Bip01RHand {
           

           FrameTransformMatrix {
            0.866735,0.205706,-0.454374,0.000000,0.470617,-0.035559,0.881621,0.000000,0.165198,-0.977968,-0.127629,0.000000,10.217590,0.000000,-0.000002,1.000000;;
           }

           Frame Bip01RFinger0 {
            

            FrameTransformMatrix {
             0.824549,0.503237,0.258594,0.000000,-0.250077,-0.085826,0.964415,0.000000,0.507523,-0.859876,0.055080,0.000000,1.869607,1.476048,1.714207,1.000000;;
            }

            Frame Bip01RFinger01 {
             

             FrameTransformMatrix {
              0.927006,-0.000922,0.375046,0.000000,0.001235,0.999999,-0.000595,0.000000,-0.375045,0.001015,0.927006,0.000000,1.351118,-0.000004,-0.000002,1.000000;;
             }

             Frame Bip01RFinger02 {
              

              FrameTransformMatrix {
               0.411864,0.000185,0.911245,0.000000,0.001206,0.999999,-0.000748,0.000000,-0.911245,0.001407,0.411863,0.000000,1.681698,0.000008,-0.000002,1.000000;;
              }
             }
            }
           }

           Frame Bip01RFinger1 {
            

            FrameTransformMatrix {
             0.803632,-0.094960,0.587501,0.000000,0.114090,0.993460,0.004514,0.000000,-0.584087,0.063400,0.809211,0.000000,5.244005,1.547228,0.417294,1.000000;;
            }

            Frame Bip01RFinger11 {
             

             FrameTransformMatrix {
              0.331711,0.000297,0.943381,0.000000,0.001281,0.999999,-0.000765,0.000000,-0.943380,0.001462,0.331711,0.000000,1.729996,-0.000003,0.000004,1.000000;;
             }

             Frame Bip01RFinger12 {
              

              FrameTransformMatrix {
               0.922002,-0.000522,0.387184,0.000000,0.000972,0.999999,-0.000966,0.000000,-0.387183,0.001267,0.922002,0.000000,1.282581,-0.000001,0.000000,1.000000;;
              }
             }
            }
           }

           Frame Bip01RFinger2 {
            

            FrameTransformMatrix {
             0.694231,-0.058493,0.717372,0.000000,0.030499,0.998188,0.051875,0.000000,-0.719106,-0.014134,0.694757,0.000000,5.378001,0.415188,0.212452,1.000000;;
            }

            Frame Bip01RFinger21 {
             

             FrameTransformMatrix {
              0.419237,0.000367,0.907877,0.000000,0.001046,0.999999,-0.000888,0.000000,-0.907876,0.001322,0.419236,0.000000,2.042854,0.000000,-0.000004,1.000000;;
             }

             Frame Bip01RFinger22 {
              

              FrameTransformMatrix {
               0.821853,0.000150,0.569700,0.000000,0.000615,0.999999,-0.001150,0.000000,-0.569699,0.001296,0.821852,0.000000,1.426670,-0.000003,0.000000,1.000000;;
              }
             }
            }
           }

           Frame Bip01RFinger3 {
            

            FrameTransformMatrix {
             0.457152,0.006174,0.889367,0.000000,0.028718,0.999352,-0.021699,0.000000,-0.888925,0.035460,0.456678,0.000000,5.267178,-0.570866,0.113689,1.000000;;
            }

            Frame Bip01RFinger31 {
             

             FrameTransformMatrix {
              0.409271,0.000935,0.912413,0.000000,0.000420,0.999999,-0.001213,0.000000,-0.912413,0.000880,0.409270,0.000000,1.750225,-0.000002,0.000001,1.000000;;
             }

             Frame Bip01RFinger32 {
              

              FrameTransformMatrix {
               0.873546,0.001033,0.486741,0.000000,-0.001107,1.000000,-0.000135,0.000000,-0.486741,-0.000421,0.873547,0.000000,1.337988,0.000006,-0.000004,1.000000;;
              }
             }
            }
           }

           Frame Bip01RFinger4 {
            

            FrameTransformMatrix {
             0.371963,0.072813,0.925388,0.000000,-0.048461,0.997083,-0.058975,0.000000,-0.926982,-0.022909,0.374406,0.000000,5.054597,-1.434092,0.469173,1.000000;;
            }

            Frame Bip01RFinger41 {
             

             FrameTransformMatrix {
              0.369879,0.000953,0.929080,0.000000,0.000449,0.999999,-0.001204,0.000000,-0.929080,0.000862,0.369878,0.000000,1.149418,0.000006,-0.000002,1.000000;;
             }

             Frame Bip01RFinger42 {
              

              FrameTransformMatrix {
               0.685371,0.001179,0.728193,0.000000,-0.000835,0.999999,-0.000833,0.000000,-0.728193,-0.000037,0.685372,0.000000,0.794196,-0.000004,0.000004,1.000000;;
              }
             }
            }
           }

           Frame WeaponR {
            

            FrameTransformMatrix {
             0.984053,-0.088328,-0.154395,0.000000,0.106079,0.988167,0.110784,0.000000,0.142783,-0.125396,0.981778,0.000000,3.997080,-0.244600,1.296326,1.000000;;
            }
           }
          }

          Frame BoneArmTwistR01 {
           

           FrameTransformMatrix {
            1.000000,-0.000000,-0.000000,0.000000,-0.000000,0.042052,-0.999116,0.000000,0.000000,0.999116,0.042052,0.000000,-0.000001,0.000002,-0.000002,1.000000;;
           }
          }

          Frame AdB01RForearmMuscleBone {
           

           FrameTransformMatrix {
            0.172476,0.000000,-0.985014,0.000000,-0.000000,1.000000,0.000000,0.000000,0.985014,0.000000,0.172476,0.000000,0.091685,-0.000004,-0.523611,1.000000;;
           }
          }
         }

         Frame BoneShoulderTwistR01 {
          

          FrameTransformMatrix {
           1.000000,0.000000,0.000000,0.000000,0.000000,0.991644,-0.129008,0.000000,-0.000000,0.129008,0.991644,0.000000,0.000000,0.000000,0.000000,1.000000;;
          }
         }

         Frame Bone_RUpperArm_Scale {
          

          FrameTransformMatrix {
           1.000000,-0.000000,0.000000,0.000000,0.000000,1.000000,0.000000,0.000000,-0.000000,-0.000000,1.000000,0.000000,0.000000,-0.000002,0.000002,1.000000;;
          }
         }
        }
       }
      }

      Frame B_Spine2_BL00 {
       

       FrameTransformMatrix {
        -0.000000,1.000000,-0.000001,0.000000,0.995838,0.000000,0.091136,0.000000,0.091136,-0.000001,-0.995838,0.000000,8.160314,-1.355837,-5.427111,1.000000;;
       }
      }

      Frame B_Spine2_BR00 {
       

       FrameTransformMatrix {
        -0.000000,1.000000,-0.000001,0.000000,0.995838,0.000000,0.091136,0.000000,0.091136,-0.000001,-0.995838,0.000000,8.160277,1.355833,-5.427120,1.000000;;
       }
      }

      Frame Bonebrst_Root {
       

       FrameTransformMatrix {
        -0.208317,0.000001,0.978061,0.000000,0.000001,1.000000,-0.000001,0.000000,-0.978061,0.000001,-0.208317,0.000000,4.239248,0.000002,0.807134,1.000000;;
       }

       Frame BoneLbrst {
        

        FrameTransformMatrix {
         0.946263,0.312354,0.083796,0.000000,-0.308989,0.949706,-0.050830,0.000000,-0.095458,0.022207,0.995186,0.000000,1.009723,2.424177,-0.316202,1.000000;;
        }
       }

       Frame BoneRbrst {
        

        FrameTransformMatrix {
         0.944575,-0.317295,0.084277,0.000000,0.314079,0.948112,0.049373,0.000000,-0.095570,-0.020167,0.995219,0.000000,1.005056,-2.433075,-0.314138,1.000000;;
        }
       }
      }

      Frame Bone_Spine2_F_Root {
       

       FrameTransformMatrix {
        -0.322482,-0.232232,0.917646,0.000000,0.899959,-0.375699,0.221187,0.000000,0.293392,0.897172,0.330156,0.000000,-1.223043,4.622507,1.882751,1.000000;;
       }
      }

      Frame Bone_Spine2_B_Root {
       

       FrameTransformMatrix {
        -0.341065,-0.197865,-0.918980,0.000000,-0.848195,0.486231,0.210105,0.000000,0.405264,0.851134,-0.333665,0.000000,-0.773409,5.264914,-0.760217,1.000000;;
       }
      }
     }

     Frame Bone_Fix_Spine1 {
      

      FrameTransformMatrix {
       1.000000,0.000000,-0.000000,0.000000,-0.000000,1.000000,-0.000005,0.000000,0.000000,0.000005,1.000000,0.000000,-0.000002,0.000000,0.000001,1.000000;;
      }
     }
    }

    Frame B_Spine_BC00 {
     

     FrameTransformMatrix {
      -0.000000,1.000000,-0.000001,0.000000,0.999957,-0.000000,-0.009298,0.000000,-0.009298,-0.000001,-0.999957,0.000000,0.000000,0.000000,0.000000,1.000000;;
     }
    }

    Frame Bone_Fix_Spine {
     

     FrameTransformMatrix {
      1.000000,0.000000,0.000001,0.000000,0.000000,1.000000,-0.000007,0.000000,-0.000001,0.000007,1.000000,0.000000,0.000000,0.000000,0.000000,1.000000;;
     }
    }
   }

   Frame Bip01LThigh {
    

    FrameTransformMatrix {
     -0.471895,0.627231,0.619594,0.000000,-0.689547,-0.700490,0.183952,0.000000,0.549400,-0.340433,0.763063,0.000000,-0.000006,4.662823,0.000005,1.000000;;
    }

    Frame Bip01LCalf {
     

     FrameTransformMatrix {
      0.451831,-0.000000,-0.892104,0.000000,-0.000000,1.000000,-0.000000,0.000000,0.892104,0.000000,0.451831,0.000000,22.431958,-0.000002,-0.000004,1.000000;;
     }

     Frame Bip01LFoot {
      

      FrameTransformMatrix {
       0.618185,0.782543,0.073977,0.000000,-0.645599,0.559172,-0.520124,0.000000,-0.448385,0.273774,0.850881,0.000000,23.681822,0.000004,0.000000,1.000000;;
      }

      Frame Bip01LToe0 {
       

       FrameTransformMatrix {
        0.009117,0.049535,0.998731,0.000000,-0.003110,0.998769,-0.049509,0.000000,-0.999954,-0.002655,0.009260,0.000000,5.120581,0.000000,4.625246,1.000000;;
       }
      }
     }
    }

    Frame AdB01LKneeBone {
     

     FrameTransformMatrix {
      0.505804,0.000000,0.862649,0.000000,0.000000,1.000000,-0.000000,0.000000,-0.862649,0.000000,0.505804,0.000000,22.431957,0.000000,-0.000004,1.000000;;
     }
    }

    Frame Bone_LThigh_Scale {
     

     FrameTransformMatrix {
      1.000000,-0.000000,-0.000000,0.000000,0.000000,1.000000,0.000001,0.000000,0.000000,-0.000001,1.000000,0.000000,-0.000007,0.000004,0.000000,1.000000;;
     }

     Frame Bone_LThigh_B2_Root {
      

      FrameTransformMatrix {
       0.852081,0.024483,-0.522838,0.000000,0.034333,-0.999369,0.009154,0.000000,-0.522284,-0.025751,-0.852383,0.000000,3.661825,-0.729759,-6.870114,1.000000;;
      }
     }

     Frame Bone_LThigh_L2_Root {
      

      FrameTransformMatrix {
       0.836807,-0.544698,0.055307,0.000000,-0.058912,0.010850,0.998204,0.000000,-0.544320,-0.838562,-0.023011,0.000000,3.317909,-3.728767,0.512560,1.000000;;
      }
     }

     Frame Bone_LThigh_F2_Root {
      

      FrameTransformMatrix {
       0.782200,0.032978,0.622154,0.000000,-0.034277,0.999363,-0.009879,0.000000,-0.622084,-0.013599,0.782833,0.000000,2.876355,-0.629927,5.997513,1.000000;;
      }
     }

     Frame Bone_Pelvis_F_Root {
      

      FrameTransformMatrix {
       0.953549,-0.241231,0.180423,0.000000,-0.179800,0.024781,0.983391,0.000000,-0.241695,-0.970151,-0.019744,0.000000,-3.816564,-5.662411,2.478082,1.000000;;
      }

      Frame Bone_Pelvis_F_01 {
       

       FrameTransformMatrix {
        1.000000,0.000000,-0.000000,0.000000,-0.000000,1.000000,0.000003,0.000000,0.000000,-0.000003,1.000000,0.000000,9.506210,-0.000001,0.000000,1.000000;;
       }

       Frame Bone_Pelvis_F_02 {
        

        FrameTransformMatrix {
         1.000001,-0.000000,0.000001,0.000000,0.000000,1.000000,0.000009,0.000000,-0.000000,-0.000009,1.000000,0.000000,9.718689,0.000010,0.000004,1.000000;;
        }
       }
      }
     }

     Frame Bone_Pelvis_B_Root {
      

      FrameTransformMatrix {
       0.917069,-0.388488,-0.089783,0.000000,0.084567,-0.030544,0.995949,0.000000,-0.389657,-0.920947,0.004842,0.000000,-4.658938,-5.065203,-1.290855,1.000000;;
      }

      Frame Bone_Pelvis_B_01 {
       

       FrameTransformMatrix {
        1.000000,0.000000,0.000000,0.000000,-0.000000,1.000000,0.000004,0.000000,-0.000000,-0.000004,1.000000,0.000000,9.453442,-0.000006,-0.000008,1.000000;;
       }

       Frame Bone_Pelvis_B_02 {
        

        FrameTransformMatrix {
         1.000000,0.000000,0.000000,0.000000,-0.000000,1.000000,0.000014,0.000000,-0.000000,-0.000014,1.000000,0.000000,9.433435,0.000001,-0.000008,1.000000;;
        }
       }
      }
     }
    }
   }

   Frame Bip01RThigh {
    

    FrameTransformMatrix {
     0.028780,-0.862299,0.505580,0.000000,0.609655,-0.385682,-0.692510,0.000000,0.792144,0.328160,0.514606,0.000000,0.000008,-4.662825,-0.000009,1.000000;;
    }

    Frame Bip01RCalf {
     

     FrameTransformMatrix {
      -0.281126,-0.000000,-0.959671,0.000000,0.000000,1.000000,-0.000000,0.000000,0.959671,-0.000000,-0.281126,0.000000,22.431952,0.000000,-0.000004,1.000000;;
     }

     Frame Bip01RFoot {
      

      FrameTransformMatrix {
       0.802760,-0.518637,0.294266,0.000000,0.562450,0.822474,-0.084776,0.000000,-0.198058,0.233565,0.951956,0.000000,23.681818,0.000004,0.000002,1.000000;;
      }

      Frame Bip01RToe0 {
       

       FrameTransformMatrix {
        -0.020183,0.000441,0.999796,0.000000,-0.000541,1.000000,-0.000452,0.000000,-0.999796,-0.000550,-0.020183,0.000000,5.120580,0.000004,4.625250,1.000000;;
       }
      }
     }
    }

    Frame AdB01RKneeBone {
     

     FrameTransformMatrix {
      0.787785,0.000000,0.615950,0.000000,-0.000000,1.000000,0.000000,0.000000,-0.615950,0.000000,0.787785,0.000000,22.431942,0.000004,-0.000004,1.000000;;
     }
    }

    Frame Bone_RThigh_Scale {
     

     FrameTransformMatrix {
      1.000000,0.000000,-0.000000,0.000000,-0.000000,1.000000,-0.000001,0.000000,0.000001,0.000001,1.000000,0.000000,0.000004,0.000000,0.000000,1.000000;;
     }

     Frame Bone_RThigh_F2_Root {
      

      FrameTransformMatrix {
       0.782196,-0.033119,0.622152,0.000000,0.034295,0.999361,0.010082,0.000000,-0.622089,0.013450,0.782832,0.000000,2.876343,0.629799,5.997294,1.000000;;
      }
     }

     Frame Bone_RThigh_R2_Root {
      

      FrameTransformMatrix {
       0.836823,0.544673,0.055307,0.000000,0.060928,0.007741,-0.998112,0.000000,-0.544073,0.838613,-0.026708,0.000000,3.317901,3.728870,0.512543,1.000000;;
      }
     }

     Frame Bone_RThigh_B2_Root {
      

      FrameTransformMatrix {
       0.852094,-0.024100,-0.522834,0.000000,-0.034307,-0.999363,-0.009845,0.000000,-0.522263,0.026326,-0.852378,0.000000,3.661827,0.729744,-6.870129,1.000000;;
      }
     }

     Frame Bone_RThigh_B3_Root {
      

      FrameTransformMatrix {
       0.847755,0.441202,-0.294369,0.000000,0.039393,-0.605849,-0.794603,0.000000,-0.528924,0.662032,-0.530992,0.000000,1.625214,3.879948,-5.329951,1.000000;;
      }

      Frame Bone_RThigh_B3_01 {
       

       FrameTransformMatrix {
        1.000000,0.000000,0.000001,0.000000,-0.000000,1.000000,0.000000,0.000000,-0.000000,-0.000000,1.000000,0.000000,6.050768,-0.000002,-0.000004,1.000000;;
       }
      }
     }

     Frame Bone_RThigh_F3_Root {
      

      FrameTransformMatrix {
       0.935800,0.179068,0.303668,0.000000,0.026241,0.823617,-0.566538,0.000000,-0.351555,0.538135,0.766042,0.000000,4.845281,3.770779,6.670553,1.000000;;
      }

      Frame Bone_RThigh_F3_01 {
       

       FrameTransformMatrix {
        1.000000,-0.000000,0.000000,0.000000,-0.000000,1.000000,-0.000000,0.000000,-0.000000,0.000000,1.000000,0.000000,6.296578,0.000005,-0.000002,1.000000;;
       }
      }
     }
    }
   }

   Frame AdB01LHipBone {
    

    FrameTransformMatrix {
     -0.990744,0.124563,-0.053950,0.000000,-0.124798,-0.992182,0.000997,0.000000,-0.053404,0.007720,0.998543,0.000000,-1.411440,4.662826,0.188192,1.000000;;
    }
   }

   Frame AdB01RHipBone {
    

    FrameTransformMatrix {
     -0.984746,-0.173705,-0.010094,0.000000,0.173931,-0.984319,-0.029380,0.000000,-0.004832,-0.030687,0.999517,0.000000,-2.347092,-4.662823,0.312945,1.000000;;
    }
   }

   Frame B_Pelvis_BR00 {
    

    FrameTransformMatrix {
     -0.000000,1.000000,0.000000,0.000000,1.000000,0.000000,0.000000,0.000000,0.000000,0.000000,-1.000000,0.000000,6.587166,-3.695903,-3.064569,1.000000;;
    }
   }

   Frame B_Pelvis_BR01 {
    

    FrameTransformMatrix {
     -0.000000,1.000000,0.000001,0.000000,1.000000,0.000000,0.000000,0.000000,0.000000,0.000001,-1.000000,0.000000,6.077618,-3.815193,-2.336370,1.000000;;
    }
   }

   Frame B_Pelvis_BL00 {
    

    FrameTransformMatrix {
     -0.000000,1.000000,0.000000,0.000000,1.000000,0.000000,0.000000,0.000000,0.000000,0.000000,-1.000000,0.000000,6.587150,3.696003,-3.064575,1.000000;;
    }
   }

   Frame B_Pelvis_BL01 {
    

    FrameTransformMatrix {
     -0.000000,1.000000,0.000001,0.000000,1.000000,0.000000,0.000000,0.000000,0.000000,0.000001,-1.000000,0.000000,6.077606,3.815208,-2.336375,1.000000;;
    }
   }

   Frame B_Pelvis_LL00 {
    

    FrameTransformMatrix {
     -0.000000,1.000000,0.000001,0.000000,1.000000,0.000000,0.000000,0.000000,0.000000,0.000001,-1.000000,0.000000,7.271542,-6.320605,1.726784,1.000000;;
    }
   }

   Frame B_Pelvis_LL01 {
    

    FrameTransformMatrix {
     -0.000000,1.000000,0.000001,0.000000,1.000000,0.000000,0.000000,0.000000,0.000000,0.000001,-1.000000,0.000000,3.400532,-7.363977,1.026228,1.000000;;
    }
   }

   Frame B_Pelvis_RR00 {
    

    FrameTransformMatrix {
     -0.000000,1.000000,0.000001,0.000000,1.000000,0.000000,0.000000,0.000000,0.000000,0.000001,-1.000000,0.000000,7.271534,6.320610,1.726779,1.000000;;
    }
   }

   Frame B_Pelvis_RR01 {
    

    FrameTransformMatrix {
     -0.000000,1.000000,0.000001,0.000000,1.000000,0.000000,0.000000,0.000000,0.000000,0.000001,-1.000000,0.000000,3.400465,7.363989,1.026220,1.000000;;
    }
   }

   Frame Bone_Fix_Pelvis {
    

    FrameTransformMatrix {
     1.000000,0.000000,0.000000,0.000000,0.000000,1.000000,-0.000003,0.000000,-0.000000,0.000003,1.000000,0.000000,-0.000004,0.000000,0.000000,1.000000;;
    }

    Frame Bone_LThigh_B_Root {
     

     FrameTransformMatrix {
      -0.923810,0.275965,0.265366,0.000000,0.263460,-0.044675,0.963635,0.000000,0.277784,0.960129,-0.031435,0.000000,4.638294,8.100494,4.657315,1.000000;;
     }

     Frame Bone_LThigh_B_01 {
      

      FrameTransformMatrix {
       1.000000,-0.000000,-0.000000,0.000000,0.000000,1.000000,0.000000,0.000000,0.000000,-0.000000,1.000000,0.000000,5.651134,-0.000000,0.000000,1.000000;;
      }

      Frame Bone_LThigh_B_02 {
       

       FrameTransformMatrix {
        1.000000,0.000000,-0.000000,0.000000,0.000000,1.000000,0.000001,0.000000,0.000000,-0.000001,1.000000,0.000000,5.609689,0.000000,0.000000,1.000000;;
       }
      }
     }
    }

    Frame Bone_LThigh_F_Root {
     

     FrameTransformMatrix {
      -0.687793,0.341993,0.640299,0.000000,0.634426,-0.145456,0.759175,0.000000,0.352768,0.928377,-0.116926,0.000000,6.513534,5.534993,5.970414,1.000000;;
     }

     Frame Bone_LThigh_F_01 {
      

      FrameTransformMatrix {
       1.000000,0.000000,-0.000000,0.000000,-0.000000,1.000000,0.000001,0.000000,0.000000,-0.000000,1.000000,0.000000,4.207451,0.000002,0.000004,1.000000;;
      }

      Frame Bone_LThigh_F_02 {
       

       FrameTransformMatrix {
        1.000000,-0.000001,-0.000000,0.000000,0.000001,1.000000,0.000001,0.000000,0.000000,-0.000001,1.000000,0.000000,4.164200,-0.000006,-0.000004,1.000000;;
       }
      }
     }
    }
   }
  }
 }
}

Frame _70028_JinF {
 

 FrameTransformMatrix {
  1.000000,0.000000,0.000000,0.000000,0.000000,1.000000,0.000000,0.000000,0.000000,0.000000,1.000000,0.000000,0.000000,0.000000,0.000000,1.000000;;
 }

 Mesh _70028_JinF {
  5725;
  -0.531563;51.087402;6.639976;,
  -0.930057;48.517037;7.444896;,
  1.827083;50.897706;6.673803;,
  -5.002722;68.502381;1.092101;,
  -4.730091;70.970950;-0.000001;,
  -4.922672;68.499142;0.003690;,
  -4.456992;66.073363;0.003690;,
  -5.002722;68.502381;1.092101;,
  -4.528879;66.025267;1.047964;,
  -4.007657;64.855194;-0.000001;,
  -4.089706;64.847430;1.105611;,
  -4.040395;64.877869;2.480967;,
  -4.528879;66.025267;1.047964;,
  -4.040395;64.877869;2.480967;,
  -4.507925;66.163898;2.463005;,
  -5.005842;68.290835;2.578646;,
  -4.796414;70.606086;1.712703;,
  -4.039308;72.648698;1.040518;,
  -4.270592;72.744262;-0.000001;,
  -3.956599;74.019040;-0.000001;,
  -4.039308;72.648698;1.040518;,
  -3.870898;73.953555;0.661777;,
  -3.539066;72.808755;1.462999;,
  -4.423510;66.587226;4.769619;,
  -3.778234;65.650419;4.447914;,
  -3.875658;66.277856;4.812420;,
  -4.312680;66.357530;4.211532;,
  -4.870619;67.938528;4.259630;,
  -4.849122;70.044787;3.179320;,
  -4.511035;66.379027;5.285988;,
  -4.953120;67.664243;5.135516;,
  -4.904514;69.257126;4.696472;,
  -4.229745;71.021491;3.725799;,
  -4.136997;71.511014;2.444924;,
  -4.796414;70.606086;1.712703;,
  -4.136997;71.511014;2.444924;,
  -4.039308;72.648698;1.040518;,
  -3.430278;71.851590;2.662807;,
  -3.329039;71.360621;3.442667;,
  -3.375954;71.224429;4.361737;,
  -4.471395;70.324685;5.239624;,
  -4.944949;68.707443;5.614905;,
  -4.847863;67.181504;5.986314;,
  -3.734598;70.891610;5.364502;,
  -4.497926;69.782758;6.113648;,
  -4.754140;68.121574;6.458344;,
  -4.296660;68.976966;6.826172;,
  -3.662180;70.444544;6.316408;,
  -3.327341;69.464685;7.076418;,
  -4.508193;66.549619;6.360368;,
  -4.305175;67.448998;7.028207;,
  -3.881235;67.847290;7.259522;,
  -2.949991;68.020506;7.533448;,
  -3.599550;66.568250;7.580588;,
  -2.658823;66.381837;7.843751;,
  -2.457600;55.197082;12.233729;,
  -2.118220;56.825171;12.504124;,
  -2.843613;56.259181;11.596695;,
  -2.494176;57.530656;11.889322;,
  -3.053272;56.944499;11.197002;,
  -3.415797;58.086688;10.698452;,
  -2.619357;55.763725;10.510674;,
  -2.320211;54.718989;11.092917;,
  -2.739529;56.602342;10.113374;,
  -2.934470;57.720442;9.672498;,
  -3.483939;59.367507;9.791994;,
  -2.797955;59.551558;10.672106;,
  -3.162411;62.203066;9.353906;,
  -2.051042;62.197075;9.567982;,
  -3.090829;58.927603;9.093261;,
  -3.456063;61.459955;7.758301;,
  -3.800404;61.909837;8.590010;,
  -2.448251;65.278323;8.146974;,
  -3.522511;65.267494;7.961095;,
  -4.226809;64.937050;7.032669;,
  -3.876474;64.427981;6.032288;,
  -2.672006;64.485837;5.649308;,
  -2.479379;61.430656;7.348618;,
  -2.021691;58.618899;8.784302;,
  -1.837690;57.529747;9.257887;,
  -0.949093;66.447853;6.240416;,
  -1.316538;65.437952;7.708589;,
  -0.970346;65.338310;6.637697;,
  -1.544840;66.557741;7.353273;,
  -2.658823;66.381837;7.843751;,
  -3.599550;66.568250;7.580588;,
  -4.508193;66.549619;6.360368;,
  -4.081327;65.735514;5.431822;,
  -0.937998;67.027072;6.033022;,
  -2.584353;65.948378;4.986474;,
  -3.851051;66.278810;5.039596;,
  -2.487189;66.466227;4.738767;,
  -3.875658;66.277856;4.812420;,
  -2.505355;66.968262;4.427456;,
  -4.511035;66.379027;5.285988;,
  -4.423510;66.587226;4.769619;,
  0.625300;55.306880;12.345727;,
  0.665802;53.469907;13.543504;,
  1.030456;53.134826;12.853882;,
  0.120502;56.145318;10.789213;,
  0.134134;56.725715;11.797594;,
  0.504210;54.878426;11.307451;,
  0.822069;52.802176;12.211416;,
  -0.645915;57.785222;10.148942;,
  -0.703250;58.287501;11.019518;,
  -1.144110;58.501235;11.642844;,
  -0.364152;57.032570;12.440962;,
  -0.053327;55.621005;13.016458;,
  -0.323532;53.460736;13.890592;,
  -1.371315;55.588934;13.309124;,
  -1.233765;53.172691;13.409443;,
  -0.053327;55.621005;13.016458;,
  -1.225288;57.074528;12.737146;,
  -1.371315;55.588934;13.309124;,
  -1.879063;58.586240;11.788574;,
  -1.612081;59.542150;10.956922;,
  -0.792489;59.563840;10.283368;,
  -0.665536;59.254144;9.414962;,
  -2.693438;58.374573;11.338915;,
  -0.689480;51.103866;13.601646;,
  -1.462920;52.707043;12.474398;,
  -0.878671;62.076781;9.283783;,
  -0.558481;61.821267;8.325029;,
  -1.133737;61.461581;7.537026;,
  -1.075936;58.922605;8.920898;,
  -2.479379;61.430656;7.348618;,
  -2.021691;58.618899;8.784302;,
  -0.997079;57.548339;9.490968;,
  -1.316538;65.437952;7.708589;,
  -0.970346;65.338310;6.637697;,
  -1.537851;64.872467;5.737710;,
  -2.672006;64.485837;5.649308;,
  -2.584353;65.948378;4.986474;,
  -1.379922;66.176858;5.253064;,
  -2.487189;66.466227;4.738767;,
  -1.322784;66.648794;5.077721;,
  -1.478696;67.370131;4.535130;,
  -0.874949;67.554720;4.962068;,
  -2.505355;66.968262;4.427456;,
  -2.791462;72.596864;1.731647;,
  -1.930792;73.361997;1.347006;,
  -2.908946;73.747821;1.456834;,
  -2.033241;72.274118;1.530076;,
  -1.204793;73.022784;0.812409;,
  -1.320835;71.981926;1.066962;,
  -0.898123;72.814125;0.398634;,
  -1.025829;71.730829;0.471725;,
  -0.778042;72.765114;-0.000000;,
  -0.892259;71.752198;-0.000000;,
  -3.539066;72.808755;1.462999;,
  -3.491570;73.929901;1.175126;,
  -3.870898;73.953555;0.661777;,
  -3.430278;71.851590;2.662807;,
  -2.396445;71.650253;2.500304;,
  -1.495298;71.144768;2.317799;,
  -1.092882;71.186278;1.162271;,
  -0.749111;70.922342;-0.000000;,
  -2.253372;71.139859;3.561944;,
  -2.484126;70.968416;4.597622;,
  -1.916268;70.936531;3.806030;,
  -3.329039;71.360621;3.442667;,
  -3.375954;71.224429;4.361737;,
  -1.832040;70.363654;5.385865;,
  -1.352304;70.199341;4.290009;,
  -1.431528;69.564698;5.869630;,
  -1.003183;69.400602;4.690675;,
  -2.613108;70.527923;6.143800;,
  -2.688809;70.880224;5.273687;,
  -2.316050;69.663904;6.818116;,
  -1.902994;68.181517;7.146730;,
  -1.016000;68.324218;6.085206;,
  -0.788954;68.310957;4.933662;,
  -0.222708;69.074854;3.727990;,
  -0.230586;67.917216;4.204310;,
  -0.462506;67.346406;4.365274;,
  -0.874949;67.554720;4.962068;,
  -0.937998;67.027072;6.033022;,
  -1.544840;66.557741;7.353273;,
  -2.658823;66.381837;7.843751;,
  0.682145;66.844038;4.295698;,
  0.733971;67.748858;3.906464;,
  0.974920;68.787936;2.988564;,
  -0.512224;69.975258;3.192166;,
  1.467939;68.670438;1.382876;,
  0.225083;69.710707;1.844508;,
  -0.856681;70.899552;2.546161;,
  -0.531556;70.901658;1.316830;,
  -0.318452;70.590131;-0.000000;,
  0.479765;69.763418;0.000000;,
  1.462013;68.529184;0.347627;,
  1.460024;68.479187;0.000000;,
  2.157652;67.928365;0.450952;,
  2.036318;67.792634;0.000000;,
  2.847652;67.090803;0.196864;,
  2.935422;66.728320;0.000001;,
  2.628425;67.087232;0.000000;,
  2.408143;67.349670;0.000000;,
  2.714160;67.601837;0.457810;,
  2.268121;68.051923;0.861524;,
  2.268121;68.051923;0.861524;,
  1.462013;68.529184;0.347627;,
  1.467939;68.670438;1.382876;,
  2.944337;67.518739;0.624759;,
  3.123030;67.094374;0.393728;,
  2.784681;67.888410;1.101685;,
  2.357297;68.151674;1.192953;,
  2.664015;68.288147;1.796971;,
  2.532246;68.340653;2.534859;,
  2.958783;68.153030;1.867854;,
  3.484010;67.828051;2.578135;,
  3.068441;66.756896;0.100870;,
  3.309569;67.775846;1.275506;,
  3.693486;67.731021;2.065269;,
  3.933926;67.578630;1.501202;,
  4.463091;67.350112;2.362148;,
  4.583755;67.237549;1.903915;,
  4.985060;66.755264;2.667333;,
  5.067941;66.661101;2.373729;,
  5.571133;66.155379;2.681541;,
  5.119171;66.610003;2.196283;,
  3.522174;67.437421;0.891570;,
  4.082107;67.369414;1.227443;,
  4.945925;66.566298;3.177298;,
  5.082096;66.064256;3.367673;,
  5.444935;65.394208;3.200139;,
  5.670574;65.224826;2.667357;,
  5.624255;65.539277;2.121932;,
  5.391890;66.029434;2.062313;,
  5.290862;66.370362;2.108657;,
  5.006456;66.320678;1.171308;,
  5.149292;65.899859;1.085606;,
  4.630086;66.213376;0.576129;,
  5.389648;65.322982;1.141467;,
  4.825414;65.764038;0.585962;,
  5.045183;65.231123;0.643133;,
  4.482989;65.054675;0.174996;,
  4.831842;66.713587;1.363141;,
  4.369067;66.747238;0.756832;,
  4.071482;66.046784;0.171263;,
  4.301925;65.565005;0.140304;,
  4.025083;65.503859;0.004749;,
  3.687792;65.967821;0.020094;,
  3.864936;66.519168;0.302379;,
  3.726747;66.864774;0.444828;,
  4.179768;67.179168;1.036124;,
  3.602869;67.174605;0.660351;,
  3.405124;66.431795;0.099580;,
  3.304024;66.413312;0.045706;,
  3.235273;66.785491;0.237419;,
